-1
-1.97684995314e+16
-128
-129
-139333426276771806651771
-2147483648
-2147483649
-32768
-32769
-9223372036854775808
-9223372036854775809
-inf
-Infinity
0
0x00
0x1FFFFFFF
0x80000001
0xXX
0xff
0xffffffff
1
1.79769313486e+308
127
128
16649142472222295162770764775
18446744073709551615
18446744073709551616
2.07564741538e+16
2.22507385851e-308
2139095040
2147483647
2147483648
255
256
3.38800266804e+16
32767
32768
4294967295
4294967296
65535
65536
79228162514264337593543950336B
79228162514264337593543950336L
79228162514264337593543950336l
9223372036854775807
9223372036854775808
Infinity
NaN
inf
